Outliers:
#1: [-693.0, -28.0, 0.17, 0.04, 1.3, -14.0, -7.0, -0.03, 3.0, -0.0011, -0.0013, -0.0013, -0.0013, 0.0002, 0.0, 0.0, 0.0, -0.0013]
#2: [-89.0, 51.0, 0.47, 0.02, 0.2, -11.0, 4.0, 0.0, -0.2, -0.0006, -0.0006, -0.0006, -0.0006, 0.0, 0.0, 0.0, 0.0, -0.0006]
#3: [266.0, -64.0, 0.2, -0.02, 0.7, -7.0, 4.0, -0.009, -0.3, -0.0007, -0.0007, -0.0007, -0.0006, 0.0, 0.0, -0.0002, 0.0, -0.0006]
#4: [3.0, 8.0, -0.39, -0.05, 0.3, -8.0, 5.0, -0.02, -0.2, -0.0009, -0.0009, -0.0009, -0.0009, 0.0, 0.0, 0.0, 0.0, -0.0009]
#5: [-296.0, -21.0, -0.05, 0.08, 2.6, -6.0, -8.0, -0.015, 0.0, -0.0007, -0.0007, -0.0007, -0.0007, 0.0, 0.0, 0.0, 0.0, -0.0007]
#6: [149.0, -50.0, -0.45, 0.14, -0.8, -20.0, 8.0, -0.013, -0.5, -0.0016, -0.0018, -0.0018, -0.0018, 0.0002, 0.0, 0.0, 0.0, -0.0018]
#7: [-397.0, -50.0, -0.42, 0.02, -1.0, -13.0, 5.0, 0.009, 0.0, -0.0007, -0.0007, -0.0007, -0.0007, 0.0, 0.0, 0.0, 0.0, -0.0007]
#8: [-386.0, -14.0, 0.13, 0.18, 1.2, -11.0, -12.0, -0.009, -0.7, -0.0008, -0.0008, -0.0008, -0.0008, 0.0, 0.0, 0.0, 0.0, -0.0008]
#9: [-388.0, -59.0, 0.9, -0.03, 0.2, -13.0, 12.0, 0.003, -1.7, -0.0006, -0.0006, -0.0006, -0.0006, 0.0, 0.0, 0.0, 0.0, -0.0006]
#10: [-118.0, 23.0, -0.08, -0.06, -0.5, -8.0, -4.0, 0.001, 3.3, -0.0005, -0.0005, -0.0005, -0.0005, 0.0, 0.0, 0.0, 0.0, -0.0005]

Non-Outliers:
#1: [-125.0, -28.0, -0.31, 0.06, 0.8, -10.0, -6.0, -0.025, 0.4, -0.001, -0.001, -0.001, -0.0011, 0.0, 0.0, 0.0001, 0.0, -0.0011]
#2: [52.0, -5.0, -0.13, -0.05, -0.6, -8.0, 7.0, 0.0, -0.1, -0.0006, -0.0006, -0.0006, -0.0006, 0.0, 0.0, 0.0, 0.0, -0.0006]
#3: [-165.0, -41.0, -0.26, 0.2, 0.7, -10.0, -20.0, -0.04, 0.6, -0.0013, -0.0013, -0.0013, -0.0013, 0.0, 0.0, 0.0, 0.0, -0.0013]
#4: [-79.0, 9.0, 0.02, -0.06, -0.6, -9.0, 1.0, 0.007, 1.9, -0.0005, -0.0006, -0.0006, -0.0006, 0.0001, 0.0, 0.0, 0.0, -0.0006]
#5: [-174.0, -40.0, -0.3, -0.11, -0.9, -7.0, 8.0, 0.005, 0.6, -0.0003, -0.0003, -0.0003, -0.0004, 0.0, 0.0, 0.0001, 0.0, -0.0004]
#6: [60.0, 1.0, 0.28, 0.17, -0.7, -18.0, -6.0, 0.016, 0.2, -0.001, -0.001, -0.001, -0.001, 0.0, 0.0, 0.0, 0.0, -0.001]
#7: [188.0, -26.0, -0.41, -0.14, 0.0, -6.0, 16.0, -0.007, -0.1, -0.0005, -0.0005, -0.0005, -0.0005, 0.0, 0.0, 0.0, 0.0, -0.0005]
#8: [-28.0, -2.0, 0.69, 0.15, 0.6, -11.0, -12.0, -0.005, -0.1, -0.0007, -0.0007, -0.0007, -0.0007, 0.0, 0.0, 0.0, 0.0, -0.0007]
#9: [-225.0, -30.0, -0.34, 0.03, -0.8, -8.0, -2.0, -0.006, 0.0, -0.0005, -0.0006, -0.0006, -0.0006, 0.0001, 0.0, 0.0, 0.0, -0.0006]
#10: [31.0, -16.0, -0.01, 0.32, 0.9, -19.0, -11.0, -0.011, -0.2, -0.0021, -0.0021, -0.0021, -0.0021, 0.0, 0.0, 0.0, 0.0, -0.0021]
