Outliers:
#1: [56, 77, 117, 182, 94, 0, 0, 0, 41, 5, 0, 0, 0, 0, 0, 0, 0, 0, 11, 30, 37, 30, 0, 0, 0, 0]
#2: [30, 137, 76, 82, 149, 0, 0, 0, 0, 3, 0, 0, 59, 17, 0, 0, 0, 0, 0, 0, 0, 0, 0, 0, 29, 7]
#3: [65, 142, 80, 134, 94, 0, 0, 0, 0, 2, 43, 6, 70, 0, 0, 0, 0, 0, 0, 0, 12, 33, 0, 0, 0, 0]
#4: [13, 115, 153, 76, 98, 0, 0, 0, 0, 0, 0, 0, 0, 0, 16, 42, 25, 17, 0, 0, 0, 0, 2, 3, 0, 0]
#5: [58, 82, 76, 73, 171, 0, 46, 0, 0, 0, 0, 1, 5, 2, 0, 0, 0, 0, 0, 0, 0, 0, 0, 0, 5, 36]
#6: [56, 118, 78, 115, 109, 32, 14, 0, 0, 0, 0, 0, 0, 38, 6, 0, 0, 0, 0, 0, 0, 6, 32, 0, 0, 0]
#7: [115, 77, 76, 91, 138, 23, 23, 50, 12, 0, 0, 0, 0, 0, 0, 0, 0, 0, 0, 0, 0, 0, 0, 18, 19, 0]
#8: [16, 125, 160, 71, 95, 0, 0, 0, 1, 2, 0, 0, 0, 0, 42, 17, 37, 20, 0, 0, 0, 0, 0, 0, 0, 1]
#9: [59, 86, 117, 75, 119, 23, 26, 0, 0, 0, 0, 0, 0, 0, 0, 0, 39, 4, 0, 0, 0, 0, 0, 0, 11, 5]
#10: [18, 77, 76, 152, 146, 0, 3, 2, 0, 0, 0, 0, 0, 0, 0, 0, 0, 0, 0, 0, 0, 21, 24, 28, 9, 0]

Non-Outliers:
#1: [76, 77, 120, 90, 94, 51, 15, 1, 0, 0, 1, 0, 0, 0, 0, 0, 0, 0, 45, 3, 0, 0, 0, 0, 0, 0]
#2: [74, 77, 76, 76, 156, 0, 0, 0, 6, 59, 0, 0, 0, 0, 0, 0, 0, 0, 0, 0, 0, 0, 0, 0, 13, 22]
#3: [76, 77, 76, 71, 94, 2, 0, 44, 19, 1, 2, 0, 0, 0, 0, 0, 0, 0, 0, 0, 0, 0, 0, 0, 0, 0]
#4: [74, 77, 76, 71, 94, 44, 19, 2, 0, 0, 0, 0, 0, 0, 0, 0, 0, 0, 0, 0, 0, 0, 0, 0, 0, 0]
#5: [132, 77, 76, 71, 94, 0, 1, 1, 87, 37, 0, 0, 0, 0, 0, 0, 0, 0, 0, 0, 0, 0, 0, 0, 0, 0]
#6: [68, 77, 76, 78, 95, 0, 2, 38, 19, 0, 0, 0, 0, 0, 0, 0, 0, 0, 0, 0, 0, 3, 3, 0, 0, 0]
#7: [58, 85, 165, 79, 94, 0, 3, 3, 0, 26, 20, 0, 0, 0, 0, 5, 4, 50, 21, 0, 0, 0, 0, 0, 0, 0]
#8: [142, 77, 76, 71, 94, 9, 37, 28, 64, 0, 0, 0, 0, 0, 0, 0, 0, 0, 0, 0, 0, 0, 0, 0, 0, 0]
#9: [130, 77, 76, 71, 94, 0, 0, 0, 77, 47, 0, 0, 0, 0, 0, 0, 0, 0, 0, 0, 0, 0, 0, 0, 0, 0]
#10: [80, 77, 76, 71, 94, 0, 6, 34, 31, 0, 0, 0, 0, 0, 0, 0, 0, 0, 0, 0, 0, 0, 0, 0, 0, 0]
