Outliers:
#1: [82.0, 43.0, 70.0, 250.0, 105.0, 55.0, 139.0, 48.0, 18.0, 145.0, 231.0, 289.0, 172.0, 99.0, 4.0, 9.0, 190.0, 199.0]
#2: [110.0, 56.0, 103.0, 223.0, 64.0, 5.0, 250.0, 26.0, 27.0, 169.0, 280.0, 928.0, 239.0, 85.0, 4.0, 6.0, 184.0, 183.0]
#3: [105.0, 50.0, 93.0, 173.0, 54.0, 4.0, 222.0, 30.0, 25.0, 159.0, 254.0, 735.0, 206.0, 83.0, 4.0, 12.0, 186.0, 184.0]
#4: [109.0, 55.0, 96.0, 191.0, 57.0, 6.0, 241.0, 28.0, 26.0, 170.0, 267.0, 857.0, 242.0, 85.0, 8.0, 9.0, 184.0, 184.0]
#5: [110.0, 58.0, 106.0, 180.0, 51.0, 6.0, 261.0, 26.0, 28.0, 171.0, 278.0, 998.0, 257.0, 83.0, 9.0, 13.0, 181.0, 182.0]
#6: [85.0, 35.0, 47.0, 110.0, 55.0, 3.0, 117.0, 57.0, 17.0, 122.0, 136.0, 203.0, 139.0, 89.0, 5.0, 9.0, 180.0, 184.0]
#7: [102.0, 54.0, 98.0, 201.0, 61.0, 6.0, 225.0, 29.0, 25.0, 165.0, 246.0, 766.0, 231.0, 79.0, 9.0, 14.0, 188.0, 187.0]
#8: [85.0, 35.0, 64.0, 129.0, 57.0, 6.0, 116.0, 57.0, 17.0, 125.0, 138.0, 200.0, 123.0, 65.0, 1.0, 23.0, 196.0, 203.0]
#9: [90.0, 43.0, 81.0, 231.0, 97.0, 46.0, 150.0, 45.0, 19.0, 149.0, 200.0, 332.0, 164.0, 91.0, 5.0, 9.0, 186.0, 196.0]
#10: [88.0, 35.0, 50.0, 121.0, 58.0, 5.0, 114.0, 59.0, 17.0, 122.0, 132.0, 192.0, 138.0, 74.0, 21.0, 4.0, 182.0, 187.0]

Non-Outliers:
#1: [77.0, 38.0, 75.0, 144.0, 59.0, 6.0, 147.0, 46.0, 19.0, 132.0, 167.0, 315.0, 136.0, 80.0, 16.0, 20.0, 181.0, 187.0]
#2: [104.0, 53.0, 108.0, 204.0, 64.0, 11.0, 220.0, 31.0, 25.0, 172.0, 226.0, 707.0, 203.0, 71.0, 14.0, 30.0, 189.0, 203.0]
#3: [80.0, 43.0, 68.0, 120.0, 54.0, 8.0, 150.0, 45.0, 19.0, 145.0, 171.0, 329.0, 176.0, 85.0, 4.0, 8.0, 179.0, 183.0]
#4: [87.0, 38.0, 71.0, 123.0, 53.0, 8.0, 137.0, 49.0, 18.0, 127.0, 158.0, 277.0, 145.0, 75.0, 0.0, 9.0, 181.0, 186.0]
#5: [109.0, 52.0, 104.0, 199.0, 60.0, 12.0, 215.0, 31.0, 24.0, 162.0, 220.0, 691.0, 212.0, 67.0, 11.0, 7.0, 189.0, 199.0]
#6: [87.0, 42.0, 70.0, 139.0, 59.0, 7.0, 149.0, 45.0, 19.0, 142.0, 177.0, 327.0, 156.0, 78.0, 6.0, 9.0, 185.0, 188.0]
#7: [86.0, 43.0, 68.0, 152.0, 62.0, 7.0, 150.0, 44.0, 19.0, 142.0, 179.0, 337.0, 164.0, 75.0, 4.0, 9.0, 188.0, 192.0]
#8: [93.0, 42.0, 88.0, 188.0, 62.0, 10.0, 183.0, 36.0, 21.0, 141.0, 208.0, 504.0, 168.0, 70.0, 3.0, 12.0, 189.0, 197.0]
#9: [100.0, 57.0, 107.0, 207.0, 63.0, 11.0, 227.0, 30.0, 25.0, 180.0, 234.0, 756.0, 205.0, 72.0, 6.0, 19.0, 186.0, 198.0]
#10: [89.0, 47.0, 84.0, 133.0, 55.0, 11.0, 157.0, 44.0, 20.0, 160.0, 169.0, 354.0, 176.0, 74.0, 5.0, 9.0, 182.0, 192.0]
