Outliers:
#1: [1.0, 65.1, 54.0, 6.23, 6.27, 4.07]
#2: [2.01, 64.9, 60.0, 7.82, 7.78, 5.06]
#3: [2.16, 58.7, 60.0, 8.54, 8.5, 5.0]
#4: [0.5, 68.6, 56.0, 4.87, 4.75, 3.3]
#5: [1.71, 58.0, 60.0, 7.85, 7.9, 4.57]
#6: [0.95, 58.0, 62.0, 6.47, 6.42, 3.74]
#7: [1.81, 68.0, 57.0, 7.43, 7.39, 5.04]
#8: [2.01, 61.3, 61.0, 8.02, 7.96, 4.9]
#9: [1.0, 66.6, 59.0, 6.07, 6.01, 4.02]
#10: [2.04, 63.0, 58.0, 8.02, 7.99, 5.04]

Non-Outliers:
#1: [0.33, 61.2, 54.0, 4.49, 4.47, 2.74]
#2: [0.42, 61.1, 56.0, 4.86, 4.9, 2.98]
#3: [0.31, 63.2, 58.0, 4.28, 4.3, 2.71]
#4: [0.42, 61.3, 57.0, 4.8, 4.85, 2.96]
#5: [0.28, 61.4, 57.0, 4.2, 4.24, 2.59]
#6: [0.41, 63.6, 54.0, 4.7, 4.74, 3.0]
#7: [1.1, 62.1, 56.0, 6.68, 6.56, 4.12]
#8: [0.4, 63.1, 56.0, 4.68, 4.7, 2.96]
#9: [0.73, 61.3, 57.0, 5.84, 5.81, 3.57]
#10: [0.32, 60.5, 56.0, 4.48, 4.45, 2.7]
