Outliers:
#1: [0.894739, 0.340426, 0.143329, 0.765695, 0.00957, 0.753755, 0.342982]
#2: [0.455953, 0.212766, 0.030743, 0.250669, 0.002083, 0.278353, 0.757018]
#3: [0.906774, 0.574468, 0.150624, 0.623921, 0.010237, 0.533402, 0.392105]
#4: [0.867616, 0.170213, 0.025129, 0.182684, 0.001213, 0.227861, 0.89386]
#5: [0.867041, 0.468085, 0.035937, 0.470098, 0.001988, 0.216209, 0.771053]
#6: [0.442547, 0.744681, 0.132701, 0.670931, 0.008656, 0.621958, 0.500526]
#7: [0.890226, 0.510638, 0.637775, 0.52648, 0.001764, 0.457535, 0.414912]
#8: [0.87182, 0.489362, 0.029542, 0.591193, 0.001894, 0.743656, 0.37807]
#9: [0.968895, 0.255319, 0.026991, 0.155162, 0.001755, 0.183325, 0.74386]
#10: [0.876421, 0.212766, 0.021256, 0.119756, 0.000818, 0.149663, 0.874561]

Non-Outliers:
#1: [0.425512, 0.0, 0.085895, 0.367004, 0.003467, 0.422915, 0.414912]
#2: [0.004513, 0.574468, 0.043683, 0.295745, 0.003467, 0.422915, 0.414912]
#3: [0.898235, 0.978723, 0.089468, 0.519488, 0.005841, 0.47825, 0.655702]
#4: [0.460997, 0.148936, 0.028762, 0.218387, 0.001919, 0.226567, 0.656579]
#5: [0.469935, 0.085106, 0.027261, 0.220619, 0.00183, 0.276282, 0.635526]
#6: [0.009911, 0.723404, 0.041732, 0.603689, 0.003467, 0.422915, 0.414912]
#7: [0.451838, 0.702128, 0.034556, 0.494198, 0.002306, 0.38115, 0.543421]
#8: [0.893589, 0.893617, 0.035847, 0.647278, 0.002383, 0.512429, 0.460088]
#9: [0.469316, 0.617021, 0.058755, 0.612318, 0.003826, 0.457276, 0.503509]
#10: [0.907659, 0.255319, 0.050919, 0.358375, 0.003398, 0.365355, 0.594298]
