Outliers:
#1: [0.75, 0.61, 0.235, 2.5085, 1.232, 0.519, 0.612]
#2: [0.73, 0.585, 0.225, 2.2305, 1.2395, 0.422, 0.563]
#3: [0.705, 0.565, 0.515, 2.21, 1.1075, 0.4865, 0.512]
#4: [0.315, 0.23, 0.0, 0.134, 0.0575, 0.0285, 0.3505]
#5: [0.77, 0.62, 0.195, 2.5155, 1.1155, 0.6415, 0.642]
#6: [0.815, 0.65, 0.25, 2.255, 0.8905, 0.42, 0.7975]
#7: [0.755, 0.625, 0.21, 2.505, 1.1965, 0.513, 0.6785]
#8: [0.43, 0.34, 0.0, 0.428, 0.2065, 0.086, 0.115]
#9: [0.78, 0.6, 0.21, 2.548, 1.1945, 0.5745, 0.6745]
#10: [0.65, 0.545, 0.23, 1.752, 0.5605, 0.2895, 0.815]

Non-Outliers:
#1: [0.345, 0.27, 0.09, 0.195, 0.078, 0.0455, 0.059]
#2: [0.67, 0.525, 0.18, 1.4915, 0.728, 0.343, 0.381]
#3: [0.39, 0.29, 0.09, 0.2745, 0.135, 0.0455, 0.078]
#4: [0.62, 0.52, 0.225, 1.1835, 0.378, 0.27, 0.395]
#5: [0.725, 0.57, 0.19, 2.55, 1.0705, 0.483, 0.725]
#6: [0.475, 0.36, 0.11, 0.492, 0.211, 0.11, 0.15]
#7: [0.5, 0.39, 0.13, 0.709, 0.275, 0.168, 0.18]
#8: [0.375, 0.285, 0.095, 0.253, 0.096, 0.0575, 0.0925]
#9: [0.44, 0.35, 0.11, 0.4585, 0.2, 0.0885, 0.13]
#10: [0.52, 0.4, 0.11, 0.597, 0.2935, 0.1155, 0.16]
