Outliers:
#1: [0.465555, 0.382979, 0.035637, 0.531985, 0.00248, 0.388918, 0.45307, '4']
#2: [0.46467, 0.085106, 0.037529, 0.279679, 0.00258, 0.329363, 0.377632, '5']
#3: [0.460245, 0.893617, 0.033836, 0.46623, 0.002337, 0.442776, 0.373246, '3']
#4: [0.032034, 0.531915, 0.074817, 0.344838, 0.003467, 0.422915, 0.414912, '2']
#5: [0.434671, 1.0, 0.051129, 0.298423, 0.003467, 0.422915, 0.414912, '1']
#6: [0.460688, 0.276596, 0.03942, 0.448081, 0.002669, 0.378042, 0.426316, '6']
#7: [0.473209, 0.765957, 0.043053, 0.61321, 0.002902, 0.345417, 0.460965, '3']
#8: [0.474183, 0.212766, 0.027231, 0.224338, 0.001793, 0.189021, 0.894737, '4']
#9: [0.424804, 1.0, 0.058394, 0.334871, 0.003467, 0.422915, 0.414912, '3']
#10: [0.461174, 0.829787, 0.029542, 0.480363, 0.00198, 0.4855, 0.37807, '3']

Non-Outliers:
#1: [0.425512, 0.0, 0.085895, 0.367004, 0.003467, 0.422915, 0.414912, '5']
#2: [0.004513, 0.574468, 0.043683, 0.295745, 0.003467, 0.422915, 0.414912, '7']
#3: [0.894739, 0.340426, 0.143329, 0.765695, 0.00957, 0.753755, 0.342982, '4']
#4: [0.455953, 0.212766, 0.030743, 0.250669, 0.002083, 0.278353, 0.757018, '3']
#5: [0.898235, 0.978723, 0.089468, 0.519488, 0.005841, 0.47825, 0.655702, '7']
#6: [0.460997, 0.148936, 0.028762, 0.218387, 0.001919, 0.226567, 0.656579, '6']
#7: [0.469935, 0.085106, 0.027261, 0.220619, 0.00183, 0.276282, 0.635526, '6']
#8: [0.906774, 0.574468, 0.150624, 0.623921, 0.010237, 0.533402, 0.392105, '5']
#9: [0.867616, 0.170213, 0.025129, 0.182684, 0.001213, 0.227861, 0.89386, '6']
#10: [0.009911, 0.723404, 0.041732, 0.603689, 0.003467, 0.422915, 0.414912, '3']
