Outliers:
#1: [0.725, 0.57, 0.19, 2.55, 1.0705, 0.483, 0.725]
#2: [0.16, 0.12, 0.035, 0.021, 0.0075, 0.0045, 0.005]
#3: [0.73, 0.57, 0.165, 2.0165, 1.0685, 0.418, 0.435]
#4: [0.75, 0.61, 0.235, 2.5085, 1.232, 0.519, 0.612]
#5: [0.2, 0.145, 0.025, 0.0345, 0.011, 0.0075, 0.01]
#6: [0.74, 0.595, 0.19, 2.3235, 1.1495, 0.5115, 0.505]
#7: [0.73, 0.585, 0.225, 2.2305, 1.2395, 0.422, 0.563]
#8: [0.155, 0.11, 0.04, 0.0155, 0.0065, 0.003, 0.005]
#9: [0.705, 0.56, 0.205, 2.381, 0.9915, 0.5005, 0.624]
#10: [0.705, 0.565, 0.515, 2.21, 1.1075, 0.4865, 0.512]

Non-Outliers:
#1: [0.345, 0.27, 0.09, 0.195, 0.078, 0.0455, 0.059]
#2: [0.67, 0.525, 0.18, 1.4915, 0.728, 0.343, 0.381]
#3: [0.39, 0.29, 0.09, 0.2745, 0.135, 0.0455, 0.078]
#4: [0.62, 0.52, 0.225, 1.1835, 0.378, 0.27, 0.395]
#5: [0.475, 0.36, 0.11, 0.492, 0.211, 0.11, 0.15]
#6: [0.5, 0.39, 0.13, 0.709, 0.275, 0.168, 0.18]
#7: [0.375, 0.285, 0.095, 0.253, 0.096, 0.0575, 0.0925]
#8: [0.44, 0.35, 0.11, 0.4585, 0.2, 0.0885, 0.13]
#9: [0.52, 0.4, 0.11, 0.597, 0.2935, 0.1155, 0.16]
#10: [0.38, 0.275, 0.1, 0.2255, 0.08, 0.049, 0.085]
