Outliers:
#1: [9310.0, 289.0, 1.0, 1.0, 80.0, 80.0, 80.0, 179.0, 1146.5217, 172.9227, 194.3656, 6.1033, 16.3783, 80.0, 80.0, 0.0, 0.0, 80.0, 0.0697, 0.1522, 0.0039, 5.0, 8.0, 4.0, '0', '0', '0']
#2: [8941.0, 281.0, 2.0, 2.0, 179.0, 139.0, 974.0, 0.0, 89.0351, 0.0, 125.004, 41.512, 2.6926, 974.0, 487.0, 0.0, 0.0, 1948.0, 0.1872, 0.1872, 0.1159, 6.0, 4.0, 1.0, '0', '1', '0']
#3: [3851.0, 123.0, 4.0, 4.0, 179.0, 80.0, 676.0, 616.0, 58.3802, 0.0, 73.5527, 127.3941, 71.6467, 676.0, 169.0, 0.0, 0.0, 0.0, 0.2558, 0.1808, 0.1498, 6.0, 10.0, 1.0, '1', '0', '0']
#4: [9723.0, 299.0, 1.0, 1.0, 139.0, 100.0, 100.0, 99.0, 42.45, 1095.4463, 111.198, 71.7722, 77.0211, 100.0, 100.0, 0.0, 0.0, 437.0, 0.2395, 0.3455, 0.0217, 6.0, 9.0, 1.0, '1', '1', '1']
#5: [6486.0, 192.0, 1.0, 1.0, 99.0, 99.0, 99.0, 119.0, 521.5002, 849.8059, 483.1035, 43.3503, 55.8055, 99.0, 99.0, 1.0, 535.0, 99.0, -0.0081, 0.0404, 0.0262, 8.0, 6.0, 8.0, '1', '1', '0']
#6: [2903.0, 88.0, 3.0, 3.0, 119.0, 140.0, 439.0, 199.0, 1097.7561, 239.4097, 295.1779, 940.1707, 72.562, 439.0, 146.3333, 0.0, 0.0, 0.0, -0.1188, 0.6347, 0.0682, 6.0, 4.0, 1.0, '1', '0', '0']
#7: [4549.0, 141.0, 2.0, 1.0, 119.0, 179.0, 179.0, 139.0, 80.2808, 0.0, 114.5469, 49.0408, 18.1177, 676.0, 338.0, 0.0, 0.0, 0.0, 0.2532, 0.2532, 0.3437, 4.0, 5.0, 1.0, '1', '1', '0']
#8: [2539.0, 78.0, 1.0, 3.0, 139.0, 299.0, 518.0, 279.0, 112.5722, 153.5008, 449.3607, 304.2606, 301.7317, 179.0, 179.0, 1.0, 1434.0, 11140.0, 0.421, 0.948, 0.0045, 5.0, 6.0, 1.0, '1', '1', '1']
#9: [7130.0, 217.0, 2.0, 2.0, 119.0, 80.0, 179.0, 139.0, 1019.6304, 101.6366, 182.5842, 1132.7952, 18.5, 179.0, 89.5, 0.0, 0.0, 0.0, 0.1726, 0.1401, 0.0467, 4.0, 6.0, 3.0, '1', '0', '0']
#10: [3162.0, 96.0, 1.0, 1.0, 140.0, 20.0, 20.0, 179.0, 1422.0296, 75.0267, 341.2111, 1.8028, 5.2202, 20.0, 20.0, 1.0, 179.0, 0.0, 2.2261, 2.7591, 0.0026, 6.0, 10.0, 4.0, '1', '0', '0']

Non-Outliers:
#1: [1731.0, 54.0, 2.0, 2.0, 239.0, 99.0, 198.0, 80.0, 170.0, 202.0, 195.3586, 75.5414, 84.2882, 198.0, 99.0, 0.0, 0.0, 0.0, 0.2758, 0.1784, 0.0327, 6.0, 7.0, 1.0, '1', '1', '0']
#2: [4372.0, 136.0, 2.0, 2.0, 199.0, 199.0, 338.0, 238.0, 211.9104, 133.5758, 136.0037, 84.0788, 55.8055, 338.0, 169.0, 0.0, 0.0, 199.0, -0.0378, 0.0942, 0.0126, 8.0, 5.0, 3.0, '1', '1', '0']
#3: [364.0, 11.0, 2.0, 1.0, 259.0, 238.0, 238.0, 159.0, 430.5105, 142.678, 361.0055, 71.7948, 56.0736, 398.0, 199.0, 2.0, 5946.0, 1412.0, 0.0949, 0.0949, 0.0367, 5.0, 5.0, 4.0, '1', '1', '0']
#4: [8104.0, 253.0, 1.0, 1.0, 139.0, 199.0, 199.0, 199.0, 60.2536, 105.0774, 98.0459, 40.5123, 40.6079, 199.0, 199.0, 0.0, 0.0, 199.0, 0.0374, 0.1289, 0.0365, 3.0, 3.0, 1.0, '1', '0', '1']
#5: [2135.0, 68.0, 1.0, 1.0, 339.0, 219.0, 219.0, 20.0, 76.3806, 209.1345, 168.929, 88.132, 113.9923, 219.0, 219.0, 0.0, 0.0, 0.0, 1.0519, 0.7454, 0.0516, 7.0, 1.0, 1.0, '1', '0', '0']
#6: [1294.0, 41.0, 1.0, 1.0, 139.0, 99.0, 99.0, 278.0, 266.0122, 135.0926, 212.8497, 67.6794, 74.6073, 99.0, 99.0, 1.0, 377.0, 0.0, 0.3077, 0.3222, 0.0105, 5.0, 9.0, 3.0, '0', '1', '0']
#7: [9316.0, 289.0, 1.0, 1.0, 99.0, 179.0, 179.0, 179.0, 161.6052, 150.812, 67.9117, 98.5, 96.5117, 139.0, 139.0, 1.0, 4195.0, 815.0, 0.1522, 0.1172, 0.0067, 6.0, 5.0, 4.0, '0', '0', '0']
#8: [3282.0, 99.0, 2.0, 2.0, 338.0, 99.0, 238.0, 99.0, 10.0, 29.5169, 97.3499, 78.4618, 74.0169, 238.0, 119.0, 0.0, 0.0, 0.0, 0.675, 0.9305, 0.0339, 7.0, 1.0, 1.0, '0', '1', '0']
#9: [8404.0, 264.0, 1.0, 1.0, 99.0, 99.0, 99.0, 139.0, 213.6691, 149.9108, 163.1104, 45.5686, 47.8539, 99.0, 99.0, 0.0, 0.0, 278.0, 0.1387, 0.4522, 0.0223, 6.0, 5.0, 2.0, '0', '1', '1']
#10: [9525.0, 293.0, 2.0, 3.0, 80.0, 219.0, 497.0, 179.0, 273.0298, 664.1694, 146.0548, 135.2673, 77.3709, 238.0, 119.0, 5.0, 15319.0, 913.0, 0.1956, 0.1956, 0.0165, 5.0, 9.0, 5.0, '1', '1', '0']
