Outliers:
#1: [76, 77, 120, 90, 94, 51, 15, 1, 0, 0, 1, 0, 0, 0, 0, 0, 0, 0, 45, 3, 0, 0, 0, 0, 0, 0]
#2: [74, 77, 76, 76, 156, 0, 0, 0, 6, 59, 0, 0, 0, 0, 0, 0, 0, 0, 0, 0, 0, 0, 0, 0, 13, 22]
#3: [91, 78, 78, 71, 94, 0, 12, 8, 50, 12, 0, 0, 0, 0, 0, 2, 0, 0, 0, 0, 0, 0, 0, 0, 0, 0]
#4: [78, 77, 76, 71, 94, 3, 0, 14, 38, 14, 0, 0, 0, 0, 0, 0, 0, 0, 0, 0, 0, 0, 0, 0, 0, 0]
#5: [91, 79, 98, 105, 94, 31, 31, 1, 2, 11, 10, 0, 0, 0, 0, 0, 0, 0, 0, 29, 12, 0, 0, 0, 0, 0]
#6: [74, 77, 103, 99, 94, 0, 0, 14, 51, 0, 0, 0, 0, 0, 0, 0, 0, 0, 5, 35, 0, 0, 0, 0, 0, 0]
#7: [115, 77, 76, 71, 94, 98, 11, 0, 0, 0, 0, 0, 0, 0, 0, 0, 0, 0, 0, 0, 0, 0, 0, 0, 0, 0]
#8: [71, 79, 85, 88, 94, 0, 6, 56, 0, 0, 0, 0, 0, 1, 2, 0, 0, 0, 0, 8, 10, 0, 0, 0, 0, 0]
#9: [93, 77, 76, 71, 94, 6, 15, 0, 19, 46, 0, 0, 0, 0, 0, 0, 0, 0, 0, 0, 0, 0, 0, 0, 0, 0]
#10: [76, 77, 76, 71, 106, 19, 46, 2, 1, 0, 0, 0, 0, 0, 0, 0, 0, 0, 0, 0, 0, 0, 0, 0, 1, 6]

Non-Outliers:
#1: [76, 77, 76, 71, 94, 2, 0, 44, 19, 1, 2, 0, 0, 0, 0, 0, 0, 0, 0, 0, 0, 0, 0, 0, 0, 0]
#2: [74, 77, 76, 71, 94, 44, 19, 2, 0, 0, 0, 0, 0, 0, 0, 0, 0, 0, 0, 0, 0, 0, 0, 0, 0, 0]
#3: [132, 77, 76, 71, 94, 0, 1, 1, 87, 37, 0, 0, 0, 0, 0, 0, 0, 0, 0, 0, 0, 0, 0, 0, 0, 0]
#4: [68, 77, 76, 78, 95, 0, 2, 38, 19, 0, 0, 0, 0, 0, 0, 0, 0, 0, 0, 0, 0, 3, 3, 0, 0, 0]
#5: [58, 85, 165, 79, 94, 0, 3, 3, 0, 26, 20, 0, 0, 0, 0, 5, 4, 50, 21, 0, 0, 0, 0, 0, 0, 0]
#6: [142, 77, 76, 71, 94, 9, 37, 28, 64, 0, 0, 0, 0, 0, 0, 0, 0, 0, 0, 0, 0, 0, 0, 0, 0, 0]
#7: [130, 77, 76, 71, 94, 0, 0, 0, 77, 47, 0, 0, 0, 0, 0, 0, 0, 0, 0, 0, 0, 0, 0, 0, 0, 0]
#8: [80, 77, 76, 71, 94, 0, 6, 34, 31, 0, 0, 0, 0, 0, 0, 0, 0, 0, 0, 0, 0, 0, 0, 0, 0, 0]
#9: [75, 77, 76, 71, 94, 1, 0, 0, 65, 0, 0, 0, 0, 0, 0, 0, 0, 0, 0, 0, 0, 0, 0, 0, 0, 0]
#10: [59, 78, 80, 71, 94, 42, 6, 2, 0, 0, 0, 0, 0, 0, 0, 2, 3, 0, 0, 0, 0, 0, 0, 0, 0, 0]
