Outliers:
#1: [2000.0, 3040.0, 2340.0, 3.0, 0.0, 0.0, 0.0, 16.0, 820.0, 148.0]
#2: [1999.0, 1152.0, 640.0, 0.0, 43.0, 50.0, 0.0, 40.0, 300.0, 128.0]
#3: [2003.0, 2592.0, 2048.0, 5.0, 102.0, 50.0, 4.0, 1.0, 606.0, 139.0]
#4: [2006.0, 2592.0, 2048.0, 5.0, 140.0, 45.0, 5.0, 16.0, 220.0, 90.0]
#5: [2002.0, 2560.0, 2048.0, 4.0, 190.0, 50.0, 2.0, 32.0, 659.0, 162.0]
#6: [2007.0, 3072.0, 2560.0, 7.0, 504.0, 10.0, 1.0, 20.0, 460.0, 116.0]
#7: [2002.0, 1600.0, 1280.0, 1.0, 123.0, 50.0, 3.0, 6.0, 610.0, 138.0]
#8: [2002.0, 1984.0, 1600.0, 3.0, 100.0, 80.0, 20.0, 16.0, 300.0, 118.0]
#9: [2004.0, 2048.0, 1600.0, 3.0, 114.0, 50.0, 2.0, 12.0, 190.0, 88.0]
#10: [2001.0, 1280.0, 1024.0, 1.0, 123.0, 50.0, 3.0, 4.0, 250.0, 143.0]

Non-Outliers:
