Outliers:
#1: [77.0, 38.0, 75.0, 144.0, 59.0, 6.0, 147.0, 46.0, 19.0, 132.0, 167.0, 315.0, 136.0, 80.0, 16.0, 20.0, 181.0, 187.0]
#2: [82.0, 43.0, 70.0, 250.0, 105.0, 55.0, 139.0, 48.0, 18.0, 145.0, 231.0, 289.0, 172.0, 99.0, 4.0, 9.0, 190.0, 199.0]
#3: [104.0, 53.0, 108.0, 204.0, 64.0, 11.0, 220.0, 31.0, 25.0, 172.0, 226.0, 707.0, 203.0, 71.0, 14.0, 30.0, 189.0, 203.0]
#4: [87.0, 38.0, 71.0, 123.0, 53.0, 8.0, 137.0, 49.0, 18.0, 127.0, 158.0, 277.0, 145.0, 75.0, 0.0, 9.0, 181.0, 186.0]
#5: [109.0, 52.0, 104.0, 199.0, 60.0, 12.0, 215.0, 31.0, 24.0, 162.0, 220.0, 691.0, 212.0, 67.0, 11.0, 7.0, 189.0, 199.0]
#6: [100.0, 57.0, 107.0, 207.0, 63.0, 11.0, 227.0, 30.0, 25.0, 180.0, 234.0, 756.0, 205.0, 72.0, 6.0, 19.0, 186.0, 198.0]
#7: [108.0, 54.0, 103.0, 212.0, 65.0, 11.0, 208.0, 32.0, 24.0, 162.0, 228.0, 648.0, 240.0, 71.0, 9.0, 0.0, 189.0, 197.0]
#8: [78.0, 38.0, 63.0, 115.0, 51.0, 6.0, 142.0, 47.0, 19.0, 130.0, 162.0, 299.0, 146.0, 77.0, 2.0, 4.0, 181.0, 185.0]
#9: [104.0, 57.0, 103.0, 222.0, 72.0, 12.0, 221.0, 30.0, 25.0, 177.0, 223.0, 718.0, 218.0, 72.0, 11.0, 12.0, 186.0, 195.0]
#10: [87.0, 39.0, 70.0, 148.0, 61.0, 7.0, 143.0, 46.0, 18.0, 136.0, 164.0, 307.0, 141.0, 69.0, 1.0, 2.0, 192.0, 199.0]

Non-Outliers:
#1: [80.0, 43.0, 68.0, 120.0, 54.0, 8.0, 150.0, 45.0, 19.0, 145.0, 171.0, 329.0, 176.0, 85.0, 4.0, 8.0, 179.0, 183.0]
#2: [87.0, 42.0, 70.0, 139.0, 59.0, 7.0, 149.0, 45.0, 19.0, 142.0, 177.0, 327.0, 156.0, 78.0, 6.0, 9.0, 185.0, 188.0]
#3: [86.0, 43.0, 68.0, 152.0, 62.0, 7.0, 150.0, 44.0, 19.0, 142.0, 179.0, 337.0, 164.0, 75.0, 4.0, 9.0, 188.0, 192.0]
#4: [93.0, 42.0, 88.0, 188.0, 62.0, 10.0, 183.0, 36.0, 21.0, 141.0, 208.0, 504.0, 168.0, 70.0, 3.0, 12.0, 189.0, 197.0]
#5: [89.0, 47.0, 84.0, 133.0, 55.0, 11.0, 157.0, 44.0, 20.0, 160.0, 169.0, 354.0, 176.0, 74.0, 5.0, 9.0, 182.0, 192.0]
#6: [93.0, 49.0, 79.0, 180.0, 65.0, 7.0, 173.0, 37.0, 21.0, 158.0, 189.0, 463.0, 194.0, 70.0, 5.0, 10.0, 197.0, 202.0]
#7: [85.0, 45.0, 82.0, 133.0, 56.0, 11.0, 159.0, 43.0, 20.0, 156.0, 170.0, 362.0, 173.0, 76.0, 10.0, 21.0, 183.0, 193.0]
#8: [89.0, 41.0, 76.0, 183.0, 73.0, 7.0, 157.0, 42.0, 19.0, 136.0, 181.0, 373.0, 153.0, 74.0, 8.0, 12.0, 191.0, 195.0]
#9: [80.0, 44.0, 68.0, 135.0, 59.0, 8.0, 150.0, 45.0, 19.0, 145.0, 170.0, 329.0, 173.0, 80.0, 7.0, 12.0, 180.0, 185.0]
#10: [95.0, 43.0, 71.0, 159.0, 64.0, 6.0, 145.0, 45.0, 19.0, 141.0, 169.0, 322.0, 171.0, 67.0, 8.0, 4.0, 195.0, 200.0]
