Outliers:
#1: [76, 77, 120, 90, 94, 51, 15, 1, 0, 0, 1, 0, 0, 0, 0, 0, 0, 0, 45, 3, 0, 0, 0, 0, 0, 0]
#2: [74, 77, 76, 76, 156, 0, 0, 0, 6, 59, 0, 0, 0, 0, 0, 0, 0, 0, 0, 0, 0, 0, 0, 0, 13, 22]
#3: [132, 77, 76, 71, 94, 0, 1, 1, 87, 37, 0, 0, 0, 0, 0, 0, 0, 0, 0, 0, 0, 0, 0, 0, 0, 0]
#4: [58, 85, 165, 79, 94, 0, 3, 3, 0, 26, 20, 0, 0, 0, 0, 5, 4, 50, 21, 0, 0, 0, 0, 0, 0, 0]
#5: [130, 77, 76, 71, 94, 0, 0, 0, 77, 47, 0, 0, 0, 0, 0, 0, 0, 0, 0, 0, 0, 0, 0, 0, 0, 0]
#6: [16, 77, 76, 119, 117, 0, 3, 0, 0, 0, 0, 0, 0, 0, 0, 0, 0, 0, 0, 0, 0, 0, 41, 3, 0, 0]
#7: [130, 77, 76, 71, 94, 50, 12, 44, 19, 0, 0, 0, 0, 0, 0, 0, 0, 0, 0, 0, 0, 0, 0, 0, 0, 0]
#8: [57, 126, 90, 71, 94, 0, 0, 23, 23, 0, 0, 0, 2, 16, 44, 0, 0, 0, 0, 0, 0, 0, 0, 0, 0, 0]
#9: [56, 118, 76, 73, 101, 0, 0, 0, 5, 7, 0, 62, 15, 0, 0, 0, 0, 0, 0, 0, 0, 0, 0, 1, 5, 0]
#10: [80, 111, 76, 71, 94, 0, 0, 0, 0, 0, 75, 32, 0, 0, 0, 0, 0, 0, 0, 0, 0, 0, 0, 0, 0, 0]

Non-Outliers:
#1: [76, 77, 76, 71, 94, 2, 0, 44, 19, 1, 2, 0, 0, 0, 0, 0, 0, 0, 0, 0, 0, 0, 0, 0, 0, 0]
#2: [74, 77, 76, 71, 94, 44, 19, 2, 0, 0, 0, 0, 0, 0, 0, 0, 0, 0, 0, 0, 0, 0, 0, 0, 0, 0]
#3: [68, 77, 76, 78, 95, 0, 2, 38, 19, 0, 0, 0, 0, 0, 0, 0, 0, 0, 0, 0, 0, 3, 3, 0, 0, 0]
#4: [142, 77, 76, 71, 94, 9, 37, 28, 64, 0, 0, 0, 0, 0, 0, 0, 0, 0, 0, 0, 0, 0, 0, 0, 0, 0]
#5: [80, 77, 76, 71, 94, 0, 6, 34, 31, 0, 0, 0, 0, 0, 0, 0, 0, 0, 0, 0, 0, 0, 0, 0, 0, 0]
#6: [75, 77, 76, 71, 94, 1, 0, 0, 65, 0, 0, 0, 0, 0, 0, 0, 0, 0, 0, 0, 0, 0, 0, 0, 0, 0]
#7: [59, 78, 80, 71, 94, 42, 6, 2, 0, 0, 0, 0, 0, 0, 0, 2, 3, 0, 0, 0, 0, 0, 0, 0, 0, 0]
#8: [58, 80, 83, 76, 94, 0, 1, 1, 41, 5, 0, 0, 0, 1, 4, 0, 0, 0, 2, 6, 0, 0, 0, 0, 0, 0]
#9: [73, 79, 78, 76, 101, 0, 0, 0, 1, 60, 3, 0, 0, 0, 0, 2, 0, 0, 0, 0, 0, 0, 0, 6, 1, 0]
#10: [56, 86, 76, 72, 94, 0, 1, 1, 0, 27, 19, 0, 6, 1, 0, 0, 0, 0, 0, 0, 0, 1, 0, 0, 0, 0]
