Outliers:
#1: [76, 77, 120, 90, 94, 51, 15, 1, 0, 0, 1, 0, 0, 0, 0, 0, 0, 0, 45, 3, 0, 0, 0, 0, 0, 0]
#2: [74, 77, 76, 76, 156, 0, 0, 0, 6, 59, 0, 0, 0, 0, 0, 0, 0, 0, 0, 0, 0, 0, 0, 0, 13, 22]
#3: [74, 77, 76, 71, 94, 44, 19, 2, 0, 0, 0, 0, 0, 0, 0, 0, 0, 0, 0, 0, 0, 0, 0, 0, 0, 0]
#4: [132, 77, 76, 71, 94, 0, 1, 1, 87, 37, 0, 0, 0, 0, 0, 0, 0, 0, 0, 0, 0, 0, 0, 0, 0, 0]
#5: [68, 77, 76, 78, 95, 0, 2, 38, 19, 0, 0, 0, 0, 0, 0, 0, 0, 0, 0, 0, 0, 3, 3, 0, 0, 0]
#6: [58, 85, 165, 79, 94, 0, 3, 3, 0, 26, 20, 0, 0, 0, 0, 5, 4, 50, 21, 0, 0, 0, 0, 0, 0, 0]
#7: [142, 77, 76, 71, 94, 9, 37, 28, 64, 0, 0, 0, 0, 0, 0, 0, 0, 0, 0, 0, 0, 0, 0, 0, 0, 0]
#8: [130, 77, 76, 71, 94, 0, 0, 0, 77, 47, 0, 0, 0, 0, 0, 0, 0, 0, 0, 0, 0, 0, 0, 0, 0, 0]
#9: [75, 77, 76, 71, 94, 1, 0, 0, 65, 0, 0, 0, 0, 0, 0, 0, 0, 0, 0, 0, 0, 0, 0, 0, 0, 0]
#10: [59, 78, 80, 71, 94, 42, 6, 2, 0, 0, 0, 0, 0, 0, 0, 2, 3, 0, 0, 0, 0, 0, 0, 0, 0, 0]

Non-Outliers:
#1: [76, 77, 76, 71, 94, 2, 0, 44, 19, 1, 2, 0, 0, 0, 0, 0, 0, 0, 0, 0, 0, 0, 0, 0, 0, 0]
#2: [80, 77, 76, 71, 94, 0, 6, 34, 31, 0, 0, 0, 0, 0, 0, 0, 0, 0, 0, 0, 0, 0, 0, 0, 0, 0]
#3: [57, 81, 76, 71, 94, 0, 0, 0, 3, 34, 12, 2, 0, 0, 0, 0, 0, 0, 0, 0, 0, 0, 0, 0, 0, 0]
#4: [78, 77, 76, 71, 94, 3, 0, 14, 38, 14, 0, 0, 0, 0, 0, 0, 0, 0, 0, 0, 0, 0, 0, 0, 0, 0]
#5: [63, 77, 76, 71, 94, 2, 1, 3, 19, 28, 0, 0, 0, 0, 0, 0, 0, 0, 0, 0, 0, 0, 0, 0, 0, 0]
#6: [117, 77, 76, 71, 94, 0, 44, 19, 28, 20, 0, 0, 0, 0, 0, 0, 0, 0, 0, 0, 0, 0, 0, 0, 0, 0]
#7: [89, 77, 76, 71, 94, 0, 0, 3, 32, 47, 0, 0, 0, 0, 0, 0, 0, 0, 0, 0, 0, 0, 0, 0, 0, 0]
#8: [82, 77, 76, 71, 94, 2, 41, 26, 2, 2, 0, 0, 0, 0, 0, 0, 0, 0, 0, 0, 0, 0, 0, 0, 0, 0]
#9: [102, 77, 76, 71, 94, 0, 32, 14, 20, 29, 0, 0, 0, 0, 0, 0, 0, 0, 0, 0, 0, 0, 0, 0, 0, 0]
#10: [73, 82, 76, 71, 94, 5, 2, 1, 0, 41, 21, 0, 0, 0, 0, 0, 0, 0, 0, 0, 0, 0, 0, 0, 0, 0]
