Outliers:
#1: [76, 77, 120, 90, 94, 51, 15, 1, 0, 0, 1, 0, 0, 0, 0, 0, 0, 0, 45, 3, 0, 0, 0, 0, 0, 0]
#2: [74, 77, 76, 76, 156, 0, 0, 0, 6, 59, 0, 0, 0, 0, 0, 0, 0, 0, 0, 0, 0, 0, 0, 0, 13, 22]
#3: [76, 77, 76, 71, 94, 2, 0, 44, 19, 1, 2, 0, 0, 0, 0, 0, 0, 0, 0, 0, 0, 0, 0, 0, 0, 0]
#4: [74, 77, 76, 71, 94, 44, 19, 2, 0, 0, 0, 0, 0, 0, 0, 0, 0, 0, 0, 0, 0, 0, 0, 0, 0, 0]
#5: [132, 77, 76, 71, 94, 0, 1, 1, 87, 37, 0, 0, 0, 0, 0, 0, 0, 0, 0, 0, 0, 0, 0, 0, 0, 0]
#6: [68, 77, 76, 78, 95, 0, 2, 38, 19, 0, 0, 0, 0, 0, 0, 0, 0, 0, 0, 0, 0, 3, 3, 0, 0, 0]
#7: [58, 85, 165, 79, 94, 0, 3, 3, 0, 26, 20, 0, 0, 0, 0, 5, 4, 50, 21, 0, 0, 0, 0, 0, 0, 0]
#8: [142, 77, 76, 71, 94, 9, 37, 28, 64, 0, 0, 0, 0, 0, 0, 0, 0, 0, 0, 0, 0, 0, 0, 0, 0, 0]
#9: [130, 77, 76, 71, 94, 0, 0, 0, 77, 47, 0, 0, 0, 0, 0, 0, 0, 0, 0, 0, 0, 0, 0, 0, 0, 0]
#10: [80, 77, 76, 71, 94, 0, 6, 34, 31, 0, 0, 0, 0, 0, 0, 0, 0, 0, 0, 0, 0, 0, 0, 0, 0, 0]

Non-Outliers:
