Outliers:
#1: [9525.0, 293.0, 2.0, 3.0, 80.0, 219.0, 497.0, 179.0, 273.0298, 664.1694, 146.0548, 135.2673, 77.3709, 238.0, 119.0, 5.0, 15319.0, 913.0, 0.1956, 0.1956, 0.0165, 5.0, 9.0, 5.0]
#2: [1656.0, 51.0, 3.0, 3.0, 179.0, 159.0, 358.0, 99.0, 161.9938, 37.1517, 106.5692, 63.1506, 33.3654, 358.0, 119.3333, 1.0, 99.0, 0.0, 0.3076, 0.3076, 0.1608, 7.0, 1.0, 5.0]
#3: [2887.0, 87.0, 1.0, 1.0, 20.0, 239.0, 239.0, 120.0, 107.6894, 0.0, 183.5347, 79.2228, 77.674, 120.0, 120.0, 0.0, 0.0, 120.0, 1.9977, 1.9977, 0.0154, 3.0, 4.0, 2.0]
#4: [10566.0, 323.0, 1.0, 1.0, 159.0, 238.0, 238.0, 100.0, 178.7379, 75.3077, 113.9517, 68.2367, 47.0106, 238.0, 238.0, 0.0, 0.0, 0.0, 0.2847, 0.2847, 0.111, 4.0, 5.0, 2.0]
#5: [2231.0, 71.0, 1.0, 1.0, 239.0, 458.0, 458.0, 379.0, 107.2287, 191.654, 62.6817, 61.2209, 78.008, 458.0, 458.0, 0.0, 0.0, 0.0, 1.4619, 2.7764, 0.0678, 4.0, 3.0, 4.0]
#6: [4687.0, 144.0, 1.0, 1.0, 219.0, 239.0, 239.0, 119.0, 242.6489, 773.8233, 197.0178, 49.9625, 48.6004, 239.0, 239.0, 0.0, 0.0, 0.0, -0.0338, 0.1427, 0.0261, 10.0, 8.0, 10.0]
#7: [2250.0, 72.0, 1.0, 1.0, 0.0, 159.0, 159.0, 279.0, 726.0062, 150.5033, 833.3097, 111.0552, 117.1676, 359.0, 359.0, 0.0, 0.0, 0.0, -0.4286, -0.1566, 0.0541, 9.0, 3.0, 1.0]
#8: [1959.0, 61.0, 1.0, 1.0, 159.0, 139.0, 139.0, 139.0, 144.6046, 114.7279, 67.6831, 89.5126, 93.9747, 139.0, 139.0, 3.0, 2566.0, 139.0, 0.1259, 0.0979, 0.0112, 8.0, 4.0, 2.0]
#9: [8330.0, 260.0, 1.0, 1.0, 139.0, 258.0, 258.0, 179.0, 93.5481, 138.7309, 44.2719, 56.3028, 61.3922, 258.0, 258.0, 0.0, 0.0, 0.0, 0.4994, 0.5149, 0.151, 7.0, 1.0, 5.0]
#10: [7146.0, 218.0, 2.0, 2.0, 139.0, 119.0, 199.0, 139.0, 379.9253, 435.3622, 324.0062, 56.0022, 71.9045, 199.0, 99.5, 0.0, 0.0, 0.0, 0.2611, 0.2611, 0.2177, 7.0, 1.0, 5.0]

Non-Outliers:
#1: [1731.0, 54.0, 2.0, 2.0, 239.0, 99.0, 198.0, 80.0, 170.0, 202.0, 195.3586, 75.5414, 84.2882, 198.0, 99.0, 0.0, 0.0, 0.0, 0.2758, 0.1784, 0.0327, 6.0, 7.0, 1.0]
#2: [4372.0, 136.0, 2.0, 2.0, 199.0, 199.0, 338.0, 238.0, 211.9104, 133.5758, 136.0037, 84.0788, 55.8055, 338.0, 169.0, 0.0, 0.0, 199.0, -0.0378, 0.0942, 0.0126, 8.0, 5.0, 3.0]
#3: [364.0, 11.0, 2.0, 1.0, 259.0, 238.0, 238.0, 159.0, 430.5105, 142.678, 361.0055, 71.7948, 56.0736, 398.0, 199.0, 2.0, 5946.0, 1412.0, 0.0949, 0.0949, 0.0367, 5.0, 5.0, 4.0]
#4: [8104.0, 253.0, 1.0, 1.0, 139.0, 199.0, 199.0, 199.0, 60.2536, 105.0774, 98.0459, 40.5123, 40.6079, 199.0, 199.0, 0.0, 0.0, 199.0, 0.0374, 0.1289, 0.0365, 3.0, 3.0, 1.0]
#5: [2135.0, 68.0, 1.0, 1.0, 339.0, 219.0, 219.0, 20.0, 76.3806, 209.1345, 168.929, 88.132, 113.9923, 219.0, 219.0, 0.0, 0.0, 0.0, 1.0519, 0.7454, 0.0516, 7.0, 1.0, 1.0]
#6: [1294.0, 41.0, 1.0, 1.0, 139.0, 99.0, 99.0, 278.0, 266.0122, 135.0926, 212.8497, 67.6794, 74.6073, 99.0, 99.0, 1.0, 377.0, 0.0, 0.3077, 0.3222, 0.0105, 5.0, 9.0, 3.0]
#7: [9316.0, 289.0, 1.0, 1.0, 99.0, 179.0, 179.0, 179.0, 161.6052, 150.812, 67.9117, 98.5, 96.5117, 139.0, 139.0, 1.0, 4195.0, 815.0, 0.1522, 0.1172, 0.0067, 6.0, 5.0, 4.0]
#8: [3282.0, 99.0, 2.0, 2.0, 338.0, 99.0, 238.0, 99.0, 10.0, 29.5169, 97.3499, 78.4618, 74.0169, 238.0, 119.0, 0.0, 0.0, 0.0, 0.675, 0.9305, 0.0339, 7.0, 1.0, 1.0]
#9: [8404.0, 264.0, 1.0, 1.0, 99.0, 99.0, 99.0, 139.0, 213.6691, 149.9108, 163.1104, 45.5686, 47.8539, 99.0, 99.0, 0.0, 0.0, 278.0, 0.1387, 0.4522, 0.0223, 6.0, 5.0, 2.0]
#10: [3583.0, 111.0, 1.0, 1.0, 119.0, 139.0, 139.0, 159.0, 369.7465, 177.3055, 359.9069, 28.2179, 17.1026, 119.0, 119.0, 0.0, 0.0, 238.0, 0.539, 0.374, 0.0192, 7.0, 1.0, 2.0]
