Outliers:
#1: [16.0, 1.0, 1.0, 1.0, 40.0, 175.69, 0.17, 6.0, 29.28, 1054.16, 0.06, 58.56, 9.0, 1.0, 2.0, 0.0, 9.0, 12.0, 24.0, 16.0, 1.0]
#2: [4.0, 1.0, 1.0, 1.0, 3.0, 4.75, 1.0, 1.0, 4.75, 4.75, 0.0, 0.26, 0.0, 0.0, 0.0, 0.0, 2.0, 1.0, 2.0, 1.0, 1.0]
#3: [62.0, 10.0, 7.0, 10.0, 134.0, 740.16, 0.06, 17.24, 42.93, 12760.86, 0.25, 708.94, 43.0, 4.0, 11.0, 0.0, 19.0, 27.0, 85.0, 49.0, 19.0]
#4: [2.0, 2.0, 1.0, 2.0, 7.0, 18.09, 0.2, 5.0, 3.62, 90.47, 0.01, 5.03, 0.0, 0.0, 0.0, 0.0, 5.0, 1.0, 5.0, 2.0, 3.0]
#5: [17.0, 2.0, 1.0, 2.0, 20.0, 76.15, 0.19, 5.33, 14.28, 406.12, 0.03, 22.56, 11.0, 0.0, 4.0, 0.0, 8.0, 6.0, 12.0, 8.0, 3.0]
#6: [35.0, 5.0, 3.0, 4.0, 83.0, 415.0, 0.09, 10.61, 39.13, 4401.18, 0.14, 244.51, 25.0, 3.0, 5.0, 0.0, 13.0, 19.0, 52.0, 31.0, 9.0]
#7: [16.0, 1.0, 1.0, 1.0, 34.0, 144.43, 0.17, 5.85, 24.69, 844.91, 0.05, 46.94, 9.0, 1.0, 1.0, 0.0, 9.0, 10.0, 21.0, 13.0, 1.0]
#8: [6.0, 1.0, 1.0, 1.0, 9.0, 28.53, 0.33, 3.0, 9.51, 85.59, 0.01, 4.75, 2.0, 0.0, 2.0, 0.0, 6.0, 3.0, 6.0, 3.0, 1.0]
#9: [5.0, 1.0, 1.0, 1.0, 4.0, 8.0, 1.0, 1.0, 8.0, 8.0, 0.0, 0.44, 2.0, 0.0, 0.0, 0.0, 2.0, 2.0, 2.0, 2.0, 1.0]
#10: [112.0, 6.0, 1.0, 6.0, 229.0, 1305.4, 0.06, 16.5, 79.12, 21539.11, 0.44, 1196.62, 77.0, 18.0, 15.0, 0.0, 13.0, 39.0, 130.0, 99.0, 11.0]

Non-Outliers:
#1: [1.0, 1.0, 1.0, 1.0, 4.0, 8.0, 0.67, 1.5, 5.33, 12.0, 0.0, 0.67, 0.0, 0.0, 0.0, 0.0, 3.0, 1.0, 3.0, 1.0, 1.0]
#2: [2.0, 1.0, 1.0, 1.0, 5.0, 11.61, 0.67, 1.5, 7.74, 17.41, 0.0, 0.97, 0.0, 0.0, 0.0, 0.0, 3.0, 2.0, 3.0, 2.0, 1.0]
#3: [6.0, 1.0, 1.0, 1.0, 27.0, 105.49, 0.16, 6.29, 16.78, 663.06, 0.04, 36.84, 4.0, 0.0, 0.0, 0.0, 8.0, 7.0, 16.0, 11.0, 1.0]
#4: [1.0, 1.0, 1.0, 1.0, 5.0, 11.61, 0.67, 1.5, 7.74, 17.41, 0.0, 0.97, 0.0, 0.0, 0.0, 0.0, 3.0, 2.0, 3.0, 2.0, 1.0]
#5: [1.0, 1.0, 1.0, 1.0, 6.0, 15.51, 0.0, 0.0, 0.0, 0.0, 0.01, 0.0, 0.0, 0.0, 0.0, 0.0, 6.0, 0.0, 6.0, 0.0, 1.0]
#6: [1.0, 1.0, 1.0, 1.0, 4.0, 8.0, 0.67, 1.5, 5.33, 12.0, 0.0, 0.67, 0.0, 0.0, 0.0, 0.0, 3.0, 1.0, 3.0, 1.0, 1.0]
#7: [6.0, 1.0, 1.0, 1.0, 10.0, 31.7, 0.4, 2.5, 12.68, 79.25, 0.01, 4.4, 1.0, 0.0, 0.0, 0.0, 5.0, 4.0, 6.0, 4.0, 1.0]
#8: [4.0, 1.0, 1.0, 1.0, 9.0, 28.53, 0.33, 3.0, 9.51, 85.59, 0.01, 4.75, 2.0, 0.0, 0.0, 0.0, 6.0, 3.0, 6.0, 3.0, 1.0]
#9: [4.0, 1.0, 1.0, 1.0, 6.0, 15.51, 0.5, 2.0, 7.75, 31.02, 0.01, 1.72, 2.0, 0.0, 0.0, 0.0, 4.0, 2.0, 4.0, 2.0, 1.0]
#10: [3.0, 1.0, 1.0, 1.0, 1.0, 0.0, 0.0, 0.0, 0.0, 0.0, 0.0, 0.0, 1.0, 0.0, 0.0, 0.0, 1.0, 0.0, 1.0, 0.0, 1.0]
