Outliers:
#1: [1731.0, 54.0, 2.0, 2.0, 239.0, 99.0, 198.0, 80.0, 170.0, 202.0, 195.3586, 75.5414, 84.2882, 198.0, 99.0, 0.0, 0.0, 0.0, 0.2758, 0.1784, 0.0327, 6.0, 7.0, 1.0]
#2: [4372.0, 136.0, 2.0, 2.0, 199.0, 199.0, 338.0, 238.0, 211.9104, 133.5758, 136.0037, 84.0788, 55.8055, 338.0, 169.0, 0.0, 0.0, 199.0, -0.0378, 0.0942, 0.0126, 8.0, 5.0, 3.0]
#3: [364.0, 11.0, 2.0, 1.0, 259.0, 238.0, 238.0, 159.0, 430.5105, 142.678, 361.0055, 71.7948, 56.0736, 398.0, 199.0, 2.0, 5946.0, 1412.0, 0.0949, 0.0949, 0.0367, 5.0, 5.0, 4.0]
#4: [2135.0, 68.0, 1.0, 1.0, 339.0, 219.0, 219.0, 20.0, 76.3806, 209.1345, 168.929, 88.132, 113.9923, 219.0, 219.0, 0.0, 0.0, 0.0, 1.0519, 0.7454, 0.0516, 7.0, 1.0, 1.0]
#5: [9316.0, 289.0, 1.0, 1.0, 99.0, 179.0, 179.0, 179.0, 161.6052, 150.812, 67.9117, 98.5, 96.5117, 139.0, 139.0, 1.0, 4195.0, 815.0, 0.1522, 0.1172, 0.0067, 6.0, 5.0, 4.0]
#6: [3282.0, 99.0, 2.0, 2.0, 338.0, 99.0, 238.0, 99.0, 10.0, 29.5169, 97.3499, 78.4618, 74.0169, 238.0, 119.0, 0.0, 0.0, 0.0, 0.675, 0.9305, 0.0339, 7.0, 1.0, 1.0]
#7: [9525.0, 293.0, 2.0, 3.0, 80.0, 219.0, 497.0, 179.0, 273.0298, 664.1694, 146.0548, 135.2673, 77.3709, 238.0, 119.0, 5.0, 15319.0, 913.0, 0.1956, 0.1956, 0.0165, 5.0, 9.0, 5.0]
#8: [3583.0, 111.0, 1.0, 1.0, 119.0, 139.0, 139.0, 159.0, 369.7465, 177.3055, 359.9069, 28.2179, 17.1026, 119.0, 119.0, 0.0, 0.0, 238.0, 0.539, 0.374, 0.0192, 7.0, 1.0, 2.0]
#9: [4264.0, 134.0, 2.0, 2.0, 278.0, 219.0, 358.0, 159.0, 123.6012, 110.1635, 52.2398, 66.5301, 192.5234, 358.0, 179.0, 1.0, 2227.0, 477.0, 0.409, 0.409, 0.0185, 7.0, 10.0, 6.0]
#10: [6851.0, 206.0, 1.0, 1.0, 99.0, 99.0, 99.0, 199.0, 88.5353, 102.8251, 57.9828, 42.3615, 31.6267, 99.0, 99.0, 2.0, 1409.0, 99.0, 0.0149, 0.1279, 0.043, 6.0, 3.0, 5.0]

Non-Outliers:
#1: [8104.0, 253.0, 1.0, 1.0, 139.0, 199.0, 199.0, 199.0, 60.2536, 105.0774, 98.0459, 40.5123, 40.6079, 199.0, 199.0, 0.0, 0.0, 199.0, 0.0374, 0.1289, 0.0365, 3.0, 3.0, 1.0]
#2: [1294.0, 41.0, 1.0, 1.0, 139.0, 99.0, 99.0, 278.0, 266.0122, 135.0926, 212.8497, 67.6794, 74.6073, 99.0, 99.0, 1.0, 377.0, 0.0, 0.3077, 0.3222, 0.0105, 5.0, 9.0, 3.0]
#3: [8404.0, 264.0, 1.0, 1.0, 99.0, 99.0, 99.0, 139.0, 213.6691, 149.9108, 163.1104, 45.5686, 47.8539, 99.0, 99.0, 0.0, 0.0, 278.0, 0.1387, 0.4522, 0.0223, 6.0, 5.0, 2.0]
#4: [6526.0, 194.0, 1.0, 1.0, 80.0, 179.0, 179.0, 100.0, 83.6675, 120.204, 63.8201, 49.4191, 58.7218, 179.0, 179.0, 0.0, 0.0, 119.0, 0.0901, 0.1401, 0.0181, 5.0, 1.0, 4.0]
#5: [3897.0, 125.0, 1.0, 1.0, 119.0, 119.0, 119.0, 119.0, 200.8109, 150.6196, 267.8544, 66.4906, 80.4254, 119.0, 119.0, 0.0, 0.0, 238.0, 0.2953, 0.2083, 0.0187, 7.0, 3.0, 1.0]
#6: [5559.0, 166.0, 1.0, 1.0, 199.0, 139.0, 139.0, 239.0, 157.0072, 172.9523, 92.228, 74.1114, 77.4661, 139.0, 139.0, 0.0, 0.0, 516.0, 0.126, 0.127, 0.0104, 6.0, 3.0, 5.0]
#7: [7072.0, 215.0, 1.0, 1.0, 139.0, 80.0, 80.0, 159.0, 309.1622, 155.1362, 359.071, 49.023, 52.0601, 80.0, 80.0, 1.0, 159.0, 80.0, 0.0993, 0.1968, 0.0144, 5.0, 2.0, 2.0]
#8: [10930.0, 336.0, 1.0, 1.0, 139.0, 159.0, 159.0, 199.0, 146.4898, 125.064, 90.3549, 59.0339, 74.5151, 159.0, 159.0, 0.0, 0.0, 0.0, 0.4035, 0.473, 0.0136, 7.0, 10.0, 4.0]
#9: [2176.0, 70.0, 1.0, 1.0, 239.0, 80.0, 80.0, 20.0, 67.574, 110.5, 96.1769, 52.0697, 48.3865, 80.0, 80.0, 0.0, 0.0, 0.0, 0.3729, 0.0184, 0.0065, 8.0, 6.0, 1.0]
#10: [6091.0, 180.0, 1.0, 1.0, 139.0, 179.0, 179.0, 239.0, 98.6268, 389.0145, 70.0, 42.9913, 37.1652, 179.0, 179.0, 1.0, 239.0, 0.0, 0.2126, 0.0921, 0.0173, 4.0, 2.0, 4.0]
