Outliers:
#1: [335.0, -37.0, 0.02, 0.23, -0.3, -12.0, -16.0, 0.007, -2.7, -0.0007, -0.0006, -0.0006, -0.0006, -0.0002, 0.0, 0.0, 0.0, -0.0006]
#2: [-240.0, -33.0, 0.19, 0.34, -1.7, -15.0, -35.0, 0.028, 1.7, -0.0004, -0.0004, -0.0004, -0.0004, 0.0, 0.0, 0.0, 0.0, -0.0004]
#3: [-163.0, 33.0, 0.02, -0.19, 0.1, -6.0, 18.0, -0.005, 1.4, -0.0005, -0.0005, -0.0005, -0.0005, 0.0, 0.0, 0.0, 0.0, -0.0005]
#4: [5.0, -88.0, 0.2, -0.27, 0.8, -17.0, 44.0, 0.018, -0.4, -0.0007, -0.0007, -0.0007, -0.0007, 0.0, 0.0, 0.0, 0.0, -0.0007]
#5: [-993.0, -15.0, -0.21, -0.19, 1.9, -6.0, 3.0, -0.012, 4.4, -0.0006, -0.0006, -0.0006, -0.0006, 0.0, 0.0, 0.0, 0.0, -0.0006]
#6: [-82.0, -19.0, -0.24, -0.27, 1.6, -14.0, 32.0, -0.008, 1.0, -0.0013, -0.0013, -0.0013, -0.0013, 0.0, 0.0, 0.0, 0.0, -0.0013]
#7: [-416.0, -41.0, 0.43, -0.11, -2.4, -16.0, 26.0, 0.023, 0.3, -0.0005, -0.0005, -0.0005, -0.0005, 0.0, 0.0, 0.0, 0.0, -0.0005]
#8: [645.0, 60.0, 0.63, 0.46, 0.5, -15.0, -26.0, -0.007, -3.8, -0.0009, -0.0009, -0.0009, -0.0009, 0.0, 0.0, 0.0, 0.0, -0.0009]
#9: [8.0, -12.0, -0.31, 0.2, 1.7, -5.0, -27.0, 0.001, 0.8, -0.0004, -0.0004, -0.0004, -0.0004, 0.0, 0.0, 0.0, 0.0, -0.0004]
#10: [-346.0, -75.0, 0.6, 0.05, 1.7, -14.0, 4.0, -0.015, -0.4, -0.0011, -0.0011, -0.0011, -0.0011, 0.0, 0.0, 0.0, 0.0, -0.0011]

Non-Outliers:
#1: [-693.0, -28.0, 0.17, 0.04, 1.3, -14.0, -7.0, -0.03, 3.0, -0.0011, -0.0013, -0.0013, -0.0013, 0.0002, 0.0, 0.0, 0.0, -0.0013]
#2: [-125.0, -28.0, -0.31, 0.06, 0.8, -10.0, -6.0, -0.025, 0.4, -0.001, -0.001, -0.001, -0.0011, 0.0, 0.0, 0.0001, 0.0, -0.0011]
#3: [-89.0, 51.0, 0.47, 0.02, 0.2, -11.0, 4.0, 0.0, -0.2, -0.0006, -0.0006, -0.0006, -0.0006, 0.0, 0.0, 0.0, 0.0, -0.0006]
#4: [266.0, -64.0, 0.2, -0.02, 0.7, -7.0, 4.0, -0.009, -0.3, -0.0007, -0.0007, -0.0007, -0.0006, 0.0, 0.0, -0.0002, 0.0, -0.0006]
#5: [52.0, -5.0, -0.13, -0.05, -0.6, -8.0, 7.0, 0.0, -0.1, -0.0006, -0.0006, -0.0006, -0.0006, 0.0, 0.0, 0.0, 0.0, -0.0006]
#6: [-165.0, -41.0, -0.26, 0.2, 0.7, -10.0, -20.0, -0.04, 0.6, -0.0013, -0.0013, -0.0013, -0.0013, 0.0, 0.0, 0.0, 0.0, -0.0013]
#7: [3.0, 8.0, -0.39, -0.05, 0.3, -8.0, 5.0, -0.02, -0.2, -0.0009, -0.0009, -0.0009, -0.0009, 0.0, 0.0, 0.0, 0.0, -0.0009]
#8: [-79.0, 9.0, 0.02, -0.06, -0.6, -9.0, 1.0, 0.007, 1.9, -0.0005, -0.0006, -0.0006, -0.0006, 0.0001, 0.0, 0.0, 0.0, -0.0006]
#9: [-174.0, -40.0, -0.3, -0.11, -0.9, -7.0, 8.0, 0.005, 0.6, -0.0003, -0.0003, -0.0003, -0.0004, 0.0, 0.0, 0.0001, 0.0, -0.0004]
#10: [60.0, 1.0, 0.28, 0.17, -0.7, -18.0, -6.0, 0.016, 0.2, -0.001, -0.001, -0.001, -0.001, 0.0, 0.0, 0.0, 0.0, -0.001]
