Outliers:
#1: [0.890226, 0.510638, 0.637775, 0.52648, 0.001764, 0.457535, 0.414912]
#2: [0.890093, 0.765957, 0.272757, 0.956263, 0.018608, 0.825479, 0.344298]
#3: [0.473342, 0.595745, 0.040921, 0.555192, 0.002854, 0.510616, 0.025877]
#4: [0.474315, 0.212766, 0.022637, 0.081821, 0.001494, 0.061885, 0.884211]
#5: [0.885359, 0.468085, 0.336526, 0.426361, 0.002009, 0.239513, 0.64693]
#6: [0.885138, 0.276596, 0.186922, 0.483041, 0.01243, 0.440963, 0.484211]
#7: [0.474227, 0.234043, 0.023448, 0.101309, 0.001037, 0.04376, 0.903509]
#8: [0.889872, 0.340426, 0.866068, 0.800357, 0.059229, 0.766442, 0.332895]
#9: [0.004646, 0.744681, 0.224931, 0.838441, 0.003467, 0.422915, 0.414912]
#10: [0.000885, 0.340426, 0.21031, 0.594615, 0.003467, 0.422915, 0.414912]

Non-Outliers:
#1: [0.425512, 0.0, 0.085895, 0.367004, 0.003467, 0.422915, 0.414912]
#2: [0.004513, 0.574468, 0.043683, 0.295745, 0.003467, 0.422915, 0.414912]
#3: [0.894739, 0.340426, 0.143329, 0.765695, 0.00957, 0.753755, 0.342982]
#4: [0.455953, 0.212766, 0.030743, 0.250669, 0.002083, 0.278353, 0.757018]
#5: [0.898235, 0.978723, 0.089468, 0.519488, 0.005841, 0.47825, 0.655702]
#6: [0.460997, 0.148936, 0.028762, 0.218387, 0.001919, 0.226567, 0.656579]
#7: [0.469935, 0.085106, 0.027261, 0.220619, 0.00183, 0.276282, 0.635526]
#8: [0.906774, 0.574468, 0.150624, 0.623921, 0.010237, 0.533402, 0.392105]
#9: [0.867616, 0.170213, 0.025129, 0.182684, 0.001213, 0.227861, 0.89386]
#10: [0.009911, 0.723404, 0.041732, 0.603689, 0.003467, 0.422915, 0.414912]
