Outliers:
#1: [0.5, 68.6, 56.0, 4.87, 4.75, 3.3]
#2: [1.81, 68.0, 57.0, 7.43, 7.39, 5.04]
#3: [1.0, 66.6, 59.0, 6.07, 6.01, 4.02]
#4: [2.72, 59.6, 55.0, 9.17, 9.13, 5.45]
#5: [1.06, 61.0, 66.0, 6.54, 6.35, 3.93]
#6: [2.41, 57.7, 61.0, 8.87, 8.83, 5.11]
#7: [2.51, 63.6, 58.0, 8.51, 8.59, 5.44]
#8: [0.53, 62.5, 65.0, 5.11, 5.17, 3.21]
#9: [1.83, 68.0, 57.0, 7.47, 7.44, 5.07]
#10: [2.53, 62.4, 57.0, 8.68, 8.59, 5.39]

Non-Outliers:
#1: [0.33, 61.2, 54.0, 4.49, 4.47, 2.74]
#2: [0.42, 61.1, 56.0, 4.86, 4.9, 2.98]
#3: [0.31, 63.2, 58.0, 4.28, 4.3, 2.71]
#4: [1.0, 65.1, 54.0, 6.23, 6.27, 4.07]
#5: [0.42, 61.3, 57.0, 4.8, 4.85, 2.96]
#6: [0.28, 61.4, 57.0, 4.2, 4.24, 2.59]
#7: [2.01, 64.9, 60.0, 7.82, 7.78, 5.06]
#8: [0.41, 63.6, 54.0, 4.7, 4.74, 3.0]
#9: [1.1, 62.1, 56.0, 6.68, 6.56, 4.12]
#10: [0.4, 63.1, 56.0, 4.68, 4.7, 2.96]
