Outliers:
#1: [1731.0, 54.0, 2.0, 2.0, 239.0, 99.0, 198.0, 80.0, 170.0, 202.0, 195.3586, 75.5414, 84.2882, 198.0, 99.0, 0.0, 0.0, 0.0, 0.2758, 0.1784, 0.0327, 6.0, 7.0, 1.0]
#2: [4372.0, 136.0, 2.0, 2.0, 199.0, 199.0, 338.0, 238.0, 211.9104, 133.5758, 136.0037, 84.0788, 55.8055, 338.0, 169.0, 0.0, 0.0, 199.0, -0.0378, 0.0942, 0.0126, 8.0, 5.0, 3.0]
#3: [364.0, 11.0, 2.0, 1.0, 259.0, 238.0, 238.0, 159.0, 430.5105, 142.678, 361.0055, 71.7948, 56.0736, 398.0, 199.0, 2.0, 5946.0, 1412.0, 0.0949, 0.0949, 0.0367, 5.0, 5.0, 4.0]
#4: [8104.0, 253.0, 1.0, 1.0, 139.0, 199.0, 199.0, 199.0, 60.2536, 105.0774, 98.0459, 40.5123, 40.6079, 199.0, 199.0, 0.0, 0.0, 199.0, 0.0374, 0.1289, 0.0365, 3.0, 3.0, 1.0]
#5: [2135.0, 68.0, 1.0, 1.0, 339.0, 219.0, 219.0, 20.0, 76.3806, 209.1345, 168.929, 88.132, 113.9923, 219.0, 219.0, 0.0, 0.0, 0.0, 1.0519, 0.7454, 0.0516, 7.0, 1.0, 1.0]
#6: [1294.0, 41.0, 1.0, 1.0, 139.0, 99.0, 99.0, 278.0, 266.0122, 135.0926, 212.8497, 67.6794, 74.6073, 99.0, 99.0, 1.0, 377.0, 0.0, 0.3077, 0.3222, 0.0105, 5.0, 9.0, 3.0]
#7: [9316.0, 289.0, 1.0, 1.0, 99.0, 179.0, 179.0, 179.0, 161.6052, 150.812, 67.9117, 98.5, 96.5117, 139.0, 139.0, 1.0, 4195.0, 815.0, 0.1522, 0.1172, 0.0067, 6.0, 5.0, 4.0]
#8: [3282.0, 99.0, 2.0, 2.0, 338.0, 99.0, 238.0, 99.0, 10.0, 29.5169, 97.3499, 78.4618, 74.0169, 238.0, 119.0, 0.0, 0.0, 0.0, 0.675, 0.9305, 0.0339, 7.0, 1.0, 1.0]
#9: [8404.0, 264.0, 1.0, 1.0, 99.0, 99.0, 99.0, 139.0, 213.6691, 149.9108, 163.1104, 45.5686, 47.8539, 99.0, 99.0, 0.0, 0.0, 278.0, 0.1387, 0.4522, 0.0223, 6.0, 5.0, 2.0]
#10: [9525.0, 293.0, 2.0, 3.0, 80.0, 219.0, 497.0, 179.0, 273.0298, 664.1694, 146.0548, 135.2673, 77.3709, 238.0, 119.0, 5.0, 15319.0, 913.0, 0.1956, 0.1956, 0.0165, 5.0, 9.0, 5.0]

Non-Outliers:
#1: [10930.0, 336.0, 1.0, 1.0, 139.0, 159.0, 159.0, 199.0, 146.4898, 125.064, 90.3549, 59.0339, 74.5151, 159.0, 159.0, 0.0, 0.0, 0.0, 0.4035, 0.473, 0.0136, 7.0, 10.0, 4.0]
#2: [2176.0, 70.0, 1.0, 1.0, 239.0, 80.0, 80.0, 20.0, 67.574, 110.5, 96.1769, 52.0697, 48.3865, 80.0, 80.0, 0.0, 0.0, 0.0, 0.3729, 0.0184, 0.0065, 8.0, 6.0, 1.0]
#3: [7870.0, 242.0, 1.0, 1.0, 139.0, 99.0, 99.0, 100.0, 118.6529, 149.7373, 35.0571, 86.5852, 78.9446, 99.0, 99.0, 0.0, 0.0, 0.0, 0.2213, 0.2213, 0.0225, 4.0, 10.0, 3.0]
#4: [6399.0, 189.0, 1.0, 1.0, 119.0, 99.0, 99.0, 80.0, 140.1856, 122.1024, 182.5705, 62.0725, 51.2957, 99.0, 99.0, 0.0, 0.0, 0.0, -0.034, 0.0355, 0.0179, 6.0, 5.0, 2.0]
#5: [7091.0, 215.0, 1.0, 1.0, 80.0, 139.0, 139.0, 100.0, 110.8896, 273.5804, 69.5845, 48.1274, 45.7739, 139.0, 139.0, 0.0, 0.0, 0.0, 0.2843, 0.4063, 0.0251, 8.0, 9.0, 2.0]
#6: [6075.0, 179.0, 1.0, 1.0, 119.0, 99.0, 99.0, 99.0, 114.7661, 125.9573, 80.0562, 31.1849, 25.7148, 99.0, 99.0, 0.0, 0.0, 0.0, 0.3516, 0.2081, 0.0106, 5.0, 9.0, 2.0]
#7: [7351.0, 225.0, 1.0, 1.0, 179.0, 80.0, 80.0, 80.0, 362.4472, 194.7569, 236.2562, 136.7955, 130.5958, 80.0, 80.0, 0.0, 0.0, 0.0, -0.0712, 0.1033, 0.008, 6.0, 6.0, 4.0]
#8: [3962.0, 127.0, 1.0, 1.0, 179.0, 219.0, 219.0, 99.0, 108.721, 234.5767, 30.0666, 84.4349, 85.5716, 219.0, 219.0, 0.0, 0.0, 0.0, 0.4466, 0.3086, 0.029, 6.0, 8.0, 4.0]
#9: [5939.0, 176.0, 1.0, 1.0, 80.0, 119.0, 119.0, 139.0, 324.5385, 476.5231, 242.825, 90.4268, 96.199, 119.0, 119.0, 0.0, 0.0, 0.0, 0.3136, 0.3566, 0.0155, 7.0, 8.0, 6.0]
#10: [5355.0, 161.0, 1.0, 1.0, 139.0, 358.0, 358.0, 179.0, 113.6101, 187.8224, 47.0106, 66.0019, 51.5873, 358.0, 358.0, 0.0, 0.0, 0.0, 0.1332, 0.1332, 0.0431, 6.0, 5.0, 2.0]
