Outliers:
#1: [82.0, 43.0, 70.0, 250.0, 105.0, 55.0, 139.0, 48.0, 18.0, 145.0, 231.0, 289.0, 172.0, 99.0, 4.0, 9.0, 190.0, 199.0]
#2: [95.0, 37.0, 71.0, 171.0, 61.0, 9.0, 157.0, 43.0, 20.0, 134.0, 178.0, 365.0, 125.0, 63.0, 5.0, 40.0, 196.0, 208.0]
#3: [115.0, 53.0, 100.0, 205.0, 64.0, 11.0, 220.0, 30.0, 25.0, 166.0, 229.0, 710.0, 214.0, 71.0, 21.0, 11.0, 189.0, 199.0]
#4: [110.0, 58.0, 106.0, 180.0, 51.0, 6.0, 261.0, 26.0, 28.0, 171.0, 278.0, 998.0, 257.0, 83.0, 9.0, 13.0, 181.0, 182.0]
#5: [101.0, 48.0, 107.0, 222.0, 68.0, 10.0, 208.0, 32.0, 24.0, 154.0, 232.0, 641.0, 204.0, 70.0, 5.0, 38.0, 190.0, 202.0]
#6: [90.0, 43.0, 81.0, 231.0, 97.0, 46.0, 150.0, 45.0, 19.0, 149.0, 200.0, 332.0, 164.0, 91.0, 5.0, 9.0, 186.0, 196.0]
#7: [88.0, 35.0, 50.0, 121.0, 58.0, 5.0, 114.0, 59.0, 17.0, 122.0, 132.0, 192.0, 138.0, 74.0, 21.0, 4.0, 182.0, 187.0]
#8: [106.0, 52.0, 108.0, 207.0, 64.0, 12.0, 221.0, 31.0, 25.0, 168.0, 229.0, 709.0, 200.0, 73.0, 22.0, 38.0, 190.0, 205.0]
#9: [97.0, 42.0, 101.0, 186.0, 59.0, 9.0, 186.0, 36.0, 22.0, 138.0, 208.0, 511.0, 168.0, 67.0, 7.0, 41.0, 194.0, 206.0]
#10: [115.0, 51.0, 100.0, 201.0, 60.0, 12.0, 196.0, 34.0, 23.0, 162.0, 207.0, 573.0, 184.0, 62.0, 22.0, 1.0, 198.0, 208.0]

Non-Outliers:
#1: [77.0, 38.0, 75.0, 144.0, 59.0, 6.0, 147.0, 46.0, 19.0, 132.0, 167.0, 315.0, 136.0, 80.0, 16.0, 20.0, 181.0, 187.0]
#2: [104.0, 53.0, 108.0, 204.0, 64.0, 11.0, 220.0, 31.0, 25.0, 172.0, 226.0, 707.0, 203.0, 71.0, 14.0, 30.0, 189.0, 203.0]
#3: [80.0, 43.0, 68.0, 120.0, 54.0, 8.0, 150.0, 45.0, 19.0, 145.0, 171.0, 329.0, 176.0, 85.0, 4.0, 8.0, 179.0, 183.0]
#4: [87.0, 38.0, 71.0, 123.0, 53.0, 8.0, 137.0, 49.0, 18.0, 127.0, 158.0, 277.0, 145.0, 75.0, 0.0, 9.0, 181.0, 186.0]
#5: [109.0, 52.0, 104.0, 199.0, 60.0, 12.0, 215.0, 31.0, 24.0, 162.0, 220.0, 691.0, 212.0, 67.0, 11.0, 7.0, 189.0, 199.0]
#6: [87.0, 42.0, 70.0, 139.0, 59.0, 7.0, 149.0, 45.0, 19.0, 142.0, 177.0, 327.0, 156.0, 78.0, 6.0, 9.0, 185.0, 188.0]
#7: [86.0, 43.0, 68.0, 152.0, 62.0, 7.0, 150.0, 44.0, 19.0, 142.0, 179.0, 337.0, 164.0, 75.0, 4.0, 9.0, 188.0, 192.0]
#8: [93.0, 42.0, 88.0, 188.0, 62.0, 10.0, 183.0, 36.0, 21.0, 141.0, 208.0, 504.0, 168.0, 70.0, 3.0, 12.0, 189.0, 197.0]
#9: [100.0, 57.0, 107.0, 207.0, 63.0, 11.0, 227.0, 30.0, 25.0, 180.0, 234.0, 756.0, 205.0, 72.0, 6.0, 19.0, 186.0, 198.0]
#10: [89.0, 47.0, 84.0, 133.0, 55.0, 11.0, 157.0, 44.0, 20.0, 160.0, 169.0, 354.0, 176.0, 74.0, 5.0, 9.0, 182.0, 192.0]
