Outliers:
#1: [112.0, 6.0, 1.0, 6.0, 229.0, 1305.4, 0.06, 16.5, 79.12, 21539.11, 0.44, 1196.62, 77.0, 18.0, 15.0, 0.0, 13.0, 39.0, 130.0, 99.0, 11.0]
#2: [16.0, 1.0, 1.0, 1.0, 4.0, 8.0, 0.67, 1.5, 5.33, 12.0, 0.0, 0.67, 3.0, 11.0, 0.0, 0.0, 3.0, 1.0, 3.0, 1.0, 1.0]
#3: [108.0, 12.0, 11.0, 10.0, 276.0, 1636.88, 0.05, 21.35, 76.67, 34945.56, 0.55, 1941.42, 88.0, 3.0, 15.0, 0.0, 18.0, 43.0, 174.0, 102.0, 23.0]
#4: [98.0, 17.0, 3.0, 15.0, 307.0, 1875.32, 0.03, 31.25, 60.01, 58603.66, 0.63, 3255.76, 82.0, 0.0, 14.0, 0.0, 23.0, 46.0, 182.0, 125.0, 33.0]
#5: [131.0, 9.0, 7.0, 7.0, 275.0, 1656.15, 0.04, 27.12, 61.08, 44908.66, 0.55, 2494.93, 88.0, 8.0, 28.0, 2.0, 22.0, 43.0, 169.0, 106.0, 17.0]
#6: [32.0, 2.0, 1.0, 2.0, 154.0, 835.64, 0.14, 6.97, 119.9, 5824.19, 0.28, 323.57, 25.0, 0.0, 2.0, 0.0, 10.0, 33.0, 108.0, 46.0, 3.0]
#7: [107.0, 18.0, 11.0, 12.0, 213.0, 1236.97, 0.03, 31.05, 39.84, 38405.82, 0.41, 2133.66, 80.0, 19.0, 0.0, 4.0, 25.0, 31.0, 136.0, 77.0, 35.0]
#8: [97.0, 14.0, 1.0, 14.0, 273.0, 1605.96, 0.03, 30.12, 53.32, 48369.03, 0.54, 2687.17, 88.0, 2.0, 5.0, 0.0, 21.0, 38.0, 164.0, 109.0, 27.0]
#9: [5.0, 1.0, 1.0, 1.0, 3.0, 4.75, 2.0, 0.5, 9.51, 2.38, 0.0, 0.13, 3.0, 0.0, 0.0, 0.0, 1.0, 2.0, 1.0, 2.0, 1.0]
#10: [24.0, 5.0, 3.0, 4.0, 129.0, 724.3, 0.04, 24.87, 29.12, 18012.97, 0.24, 1000.72, 19.0, 0.0, 3.0, 0.0, 26.0, 23.0, 85.0, 44.0, 9.0]

Non-Outliers:
#1: [16.0, 1.0, 1.0, 1.0, 40.0, 175.69, 0.17, 6.0, 29.28, 1054.16, 0.06, 58.56, 9.0, 1.0, 2.0, 0.0, 9.0, 12.0, 24.0, 16.0, 1.0]
#2: [4.0, 1.0, 1.0, 1.0, 3.0, 4.75, 1.0, 1.0, 4.75, 4.75, 0.0, 0.26, 0.0, 0.0, 0.0, 0.0, 2.0, 1.0, 2.0, 1.0, 1.0]
#3: [62.0, 10.0, 7.0, 10.0, 134.0, 740.16, 0.06, 17.24, 42.93, 12760.86, 0.25, 708.94, 43.0, 4.0, 11.0, 0.0, 19.0, 27.0, 85.0, 49.0, 19.0]
#4: [2.0, 2.0, 1.0, 2.0, 7.0, 18.09, 0.2, 5.0, 3.62, 90.47, 0.01, 5.03, 0.0, 0.0, 0.0, 0.0, 5.0, 1.0, 5.0, 2.0, 3.0]
#5: [1.0, 1.0, 1.0, 1.0, 4.0, 8.0, 0.67, 1.5, 5.33, 12.0, 0.0, 0.67, 0.0, 0.0, 0.0, 0.0, 3.0, 1.0, 3.0, 1.0, 1.0]
#6: [17.0, 2.0, 1.0, 2.0, 20.0, 76.15, 0.19, 5.33, 14.28, 406.12, 0.03, 22.56, 11.0, 0.0, 4.0, 0.0, 8.0, 6.0, 12.0, 8.0, 3.0]
#7: [35.0, 5.0, 3.0, 4.0, 83.0, 415.0, 0.09, 10.61, 39.13, 4401.18, 0.14, 244.51, 25.0, 3.0, 5.0, 0.0, 13.0, 19.0, 52.0, 31.0, 9.0]
#8: [2.0, 1.0, 1.0, 1.0, 5.0, 11.61, 0.67, 1.5, 7.74, 17.41, 0.0, 0.97, 0.0, 0.0, 0.0, 0.0, 3.0, 2.0, 3.0, 2.0, 1.0]
#9: [6.0, 1.0, 1.0, 1.0, 27.0, 105.49, 0.16, 6.29, 16.78, 663.06, 0.04, 36.84, 4.0, 0.0, 0.0, 0.0, 8.0, 7.0, 16.0, 11.0, 1.0]
#10: [16.0, 1.0, 1.0, 1.0, 34.0, 144.43, 0.17, 5.85, 24.69, 844.91, 0.05, 46.94, 9.0, 1.0, 1.0, 0.0, 9.0, 10.0, 21.0, 13.0, 1.0]
